534.092 0 210.801
534.336 0 212.406
534.575 0 214.028
534.81 0 215.666
535.041 0 217.321
535.267 0 218.99
535.488 0 220.675
535.705 0 222.375
535.916 0 224.089
536.123 0 225.816
536.325 0 227.557
536.521 0 229.312
536.713 0 231.078
536.899 0 232.857
537.079 0 234.648
537.255 0 236.451
537.424 0 238.264
537.588 0 240.088
537.747 0 241.922
537.899 0 243.766
538.046 0 245.619
538.186 0 247.481
538.321 0 249.352
538.449 0 251.231
538.571 0 253.118
538.687 0 255.012
538.796 0 256.913
538.898 0 258.82
538.994 0 260.734
539.084 0 262.653
539.166 0 264.577
539.242 0 266.507
539.31 0 268.441
539.372 0 270.379
539.427 0 272.32
539.474 0 274.265
539.513 0 276.213
539.546 0 278.163
539.571 0 280.115
539.588 0 282.068
539.598 0 284.023
539.6 0 285.979
539.594 0 287.935
539.58 0 289.891
539.558 0 291.846
539.528 0 293.801
539.489 0 295.755
539.442 0 297.706
539.387 0 299.656
539.324 0 301.603
539.252 0 303.548
539.171 0 305.489
539.081 0 307.426
538.983 0 309.359
538.876 0 311.288
538.759 0 313.211
538.634 0 315.13
538.499 0 317.042
538.355 0 318.949
538.202 0 320.849
538.039 0 322.742
537.867 0 324.627
537.685 0 326.505
537.493 0 328.374
537.292 0 330.235
537.08 0 332.087
536.859 0 333.929
536.628 0 335.762
536.386 0 337.584
536.134 0 339.396
535.872 0 341.197
535.599 0 342.986
535.316 0 344.763
535.022 0 346.528
534.717 0 348.28
534.402 0 350.019
534.076 0 351.745
533.739 0 353.456
533.391 0 355.153
533.031 0 356.836
532.661 0 358.503
532.279 0 360.155
531.885 0 361.791
531.481 0 363.41
531.064 0 365.013
530.636 0 366.598
530.196 0 368.166
529.745 0 369.716
529.281 0 371.247
528.805 0 372.76
528.317 0 374.253
527.817 0 375.727
527.305 0 377.18
526.78 0 378.613
526.243 0 380.026
525.694 0 381.416
525.131 0 382.786
524.556 0 384.133
523.968 0 385.457
523.367 0 386.759
522.753 0 388.037
522.753 0 388.037
522.126 0 389.292
521.486 0 390.523
520.834 0 391.73
520.169 0 392.914
519.491 0 394.075
518.801 0 395.212
518.099 0 396.327
517.385 0 397.418
516.66 0 398.486
515.923 0 399.532
515.174 0 400.555
514.414 0 401.556
513.643 0 402.533
512.862 0 403.489
512.069 0 404.422
511.266 0 405.333
510.452 0 406.223
509.629 0 407.09
508.795 0 407.935
507.951 0 408.759
507.098 0 409.561
506.235 0 410.341
505.363 0 411.1
504.481 0 411.838
503.591 0 412.555
502.691 0 413.25
501.783 0 413.925
500.867 0 414.578
499.942 0 415.211
499.009 0 415.823
498.067 0 416.415
497.118 0 416.986
496.162 0 417.537
495.197 0 418.068
494.226 0 418.578
493.247 0 419.069
492.261 0 419.539
491.269 0 419.99
490.269 0 420.421
489.263 0 420.832
488.251 0 421.224
487.233 0 421.597
486.209 0 421.95
485.178 0 422.284
484.143 0 422.599
483.101 0 422.895
482.055 0 423.173
481.003 0 423.431
479.946 0 423.671
478.885 0 423.892
477.818 0 424.095
476.748 0 424.28
475.673 0 424.446
474.594 0 424.594
473.51 0 424.725
472.424 0 424.837
471.333 0 424.931
470.239 0 425.008
469.142 0 425.068
468.041 0 425.109
466.938 0 425.134
465.832 0 425.141
464.723 0 425.131
463.612 0 425.104
462.498 0 425.06
461.383 0 424.999
460.265 0 424.922
459.146 0 424.828
458.025 0 424.717
456.902 0 424.59
455.779 0 424.447
454.654 0 424.287
453.528 0 424.112
452.402 0 423.92
451.275 0 423.713
450.147 0 423.49
449.02 0 423.251
447.892 0 422.996
446.764 0 422.726
445.637 0 422.441
444.51 0 422.141
443.383 0 421.825
442.258 0 421.495
441.133 0 421.149
440.009 0 420.789
438.887 0 420.414
437.766 0 420.024
436.647 0 419.62
435.529 0 419.202
434.414 0 418.769
433.3 0 418.322
432.189 0 417.861
431.08 0 417.386
429.974 0 416.897
428.871 0 416.394
427.77 0 415.878
426.673 0 415.348
425.579 0 414.805
424.489 0 414.249
423.402 0 413.679
423.402 0 413.679
422.319 0 413.096
421.239 0 412.5
420.164 0 411.892
419.093 0 411.271
418.026 0 410.637
416.963 0 409.99
415.905 0 409.332
414.851 0 408.661
413.802 0 407.979
412.757 0 407.284
411.717 0 406.578
410.681 0 405.86
409.651 0 405.131
408.625 0 404.39
407.605 0 403.638
406.589 0 402.875
405.579 0 402.102
404.574 0 401.317
403.575 0 400.522
402.581 0 399.717
401.592 0 398.901
400.61 0 398.074
399.633 0 397.238
398.662 0 396.392
397.696 0 395.536
396.737 0 394.671
395.784 0 393.796
394.837 0 392.911
393.896 0 392.017
392.962 0 391.115
392.034 0 390.203
391.113 0 389.282
390.199 0 388.353
389.291 0 387.415
388.39 0 386.469
387.495 0 385.515
386.608 0 384.552
385.728 0 383.581
384.855 0 382.603
383.99 0 381.617
383.131 0 380.623
382.28 0 379.622
381.437 0 378.613
380.601 0 377.598
379.773 0 376.575
378.953 0 375.545
378.141 0 374.509
377.336 0 373.466
376.54 0 372.416
375.751 0 371.361
374.971 0 370.299
374.2 0 369.231
373.436 0 368.157
372.682 0 367.077
371.936 0 365.992
371.198 0 364.901
370.469 0 363.804
369.749 0 362.703
369.038 0 361.596
368.336 0 360.485
367.643 0 359.368
366.96 0 358.247
366.286 0 357.122
365.621 0 355.992
364.965 0 354.858
364.319 0 353.719
363.683 0 352.577
363.056 0 351.431
362.44 0 350.281
361.833 0 349.127
361.236 0 347.97
360.649 0 346.81
360.073 0 345.647
359.506 0 344.48
358.95 0 343.311
358.405 0 342.139
357.87 0 340.964
357.346 0 339.787
356.832 0 338.608
356.329 0 337.426
355.837 0 336.243
355.356 0 335.057
354.886 0 333.87
354.428 0 332.681
353.98 0 331.49
353.544 0 330.298
353.119 0 329.105
352.706 0 327.911
352.304 0 326.716
351.914 0 325.52
351.536 0 324.323
351.17 0 323.126
350.815 0 321.929
350.473 0 320.731
350.143 0 319.533
349.825 0 318.335
349.519 0 317.137
349.226 0 315.94
348.945 0 314.743
348.676 0 313.546
348.676 0 313.546
348.421 0 312.35
348.178 0 311.155
347.947 0 309.961
347.729 0 308.768
347.524 0 307.575
347.331 0 306.383
347.151 0 305.192
346.983 0 304.002
346.827 0 302.813
346.684 0 301.624
346.553 0 300.437
346.435 0 299.25
346.328 0 298.064
346.234 0 296.88
346.152 0 295.696
346.082 0 294.514
346.025 0 293.332
345.979 0 292.151
345.946 0 290.972
345.924 0 289.794
345.915 0 288.617
345.917 0 287.441
345.932 0 286.266
345.958 0 285.092
345.997 0 283.92
346.047 0 282.748
346.108 0 281.579
346.182 0 280.41
346.267 0 279.242
346.365 0 278.076
346.473 0 276.912
346.594 0 275.748
346.726 0 274.586
346.869 0 273.426
347.024 0 272.267
347.191 0 271.109
347.369 0 269.953
347.558 0 268.798
347.759 0 267.645
347.972 0 266.493
348.195 0 265.343
348.43 0 264.194
348.676 0 263.047
348.934 0 261.901
349.202 0 260.758
349.482 0 259.615
349.773 0 258.475
350.075 0 257.336
350.388 0 256.199
350.713 0 255.064
351.048 0 253.93
351.394 0 252.798
351.751 0 251.668
352.119 0 250.54
352.498 0 249.414
352.888 0 248.289
353.288 0 247.167
353.7 0 246.046
354.122 0 244.927
354.555 0 243.811
354.998 0 242.696
355.452 0 241.583
355.917 0 240.472
356.392 0 239.363
356.878 0 238.256
357.375 0 237.152
357.882 0 236.049
358.399 0 234.948
358.927 0 233.85
359.465 0 232.754
360.013 0 231.66
360.572 0 230.568
361.141 0 229.478
361.721 0 228.391
362.31 0 227.306
362.91 0 226.223
363.52 0 225.142
364.14 0 224.064
364.77 0 222.988
365.41 0 221.914
366.06 0 220.843
366.721 0 219.775
367.391 0 218.708
368.071 0 217.644
368.761 0 216.583
369.461 0 215.524
370.17 0 214.468
370.89 0 213.414
371.619 0 212.362
372.358 0 211.314
373.106 0 210.267
373.865 0 209.224
374.633 0 208.183
375.41 0 207.145
376.197 0 206.109
376.994 0 205.076
377.8 0 204.046
378.615 0 203.019
379.44 0 201.994
380.275 0 200.972
380.275 0 200.972
381.118 0 199.953
381.971 0 198.937
382.833 0 197.924
383.704 0 196.914
384.583 0 195.907
385.471 0 194.904
386.367 0 193.905
387.272 0 192.909
388.184 0 191.917
389.104 0 190.93
390.031 0 189.946
390.966 0 188.967
391.908 0 187.992
392.858 0 187.021
393.814 0 186.055
394.776 0 185.094
395.746 0 184.138
396.721 0 183.187
397.703 0 182.242
398.691 0 181.301
399.684 0 180.367
400.683 0 179.437
401.688 0 178.514
402.698 0 177.596
403.712 0 176.685
404.732 0 175.779
405.757 0 174.88
406.786 0 173.987
407.819 0 173.101
408.857 0 172.221
409.898 0 171.349
410.944 0 170.483
411.993 0 169.624
413.045 0 168.773
414.101 0 167.929
415.16 0 167.092
416.222 0 166.263
417.286 0 165.442
418.354 0 164.629
419.423 0 163.824
420.495 0 163.027
421.569 0 162.238
422.645 0 161.457
423.722 0 160.686
424.801 0 159.923
425.881 0 159.168
426.962 0 158.423
428.045 0 157.687
429.128 0 156.96
430.212 0 156.242
431.296 0 155.534
432.38 0 154.836
433.465 0 154.147
434.549 0 153.468
435.633 0 152.799
436.717 0 152.141
437.8 0 151.492
438.882 0 150.855
439.964 0 150.227
441.044 0 149.611
442.122 0 149.005
443.199 0 148.41
444.275 0 147.827
445.348 0 147.254
446.42 0 146.693
447.489 0 146.144
448.556 0 145.606
449.62 0 145.08
450.682 0 144.565
451.74 0 144.063
452.795 0 143.573
453.847 0 143.096
454.896 0 142.631
455.941 0 142.178
456.982 0 141.738
458.019 0 141.311
459.051 0 140.897
460.08 0 140.496
461.104 0 140.108
462.123 0 139.734
463.137 0 139.373
464.146 0 139.026
465.15 0 138.693
466.148 0 138.373
467.141 0 138.068
468.127 0 137.777
469.108 0 137.5
470.083 0 137.238
471.051 0 136.99
472.013 0 136.757
472.968 0 136.539
473.916 0 136.335
474.857 0 136.147
475.791 0 135.975
476.717 0 135.817
477.636 0 135.675
478.547 0 135.549
479.45 0 135.439
480.345 0 135.344
481.232 0 135.266
481.232 0 135.266
482.11 0 135.203
482.98 0 135.157
483.841 0 135.128
484.694 0 135.114
485.538 0 135.117
486.375 0 135.135
487.203 0 135.171
488.023 0 135.222
488.834 0 135.29
489.638 0 135.374
490.433 0 135.474
491.221 0 135.591
492 0 135.723
492.772 0 135.873
493.536 0 136.038
494.291 0 136.22
495.039 0 136.418
495.78 0 136.633
496.512 0 136.864
497.237 0 137.111
497.954 0 137.375
498.663 0 137.655
499.365 0 137.952
500.06 0 138.264
500.747 0 138.594
501.426 0 138.94
502.099 0 139.302
502.764 0 139.681
503.421 0 140.076
504.071 0 140.487
504.714 0 140.916
505.35 0 141.36
505.979 0 141.821
506.601 0 142.299
507.215 0 142.793
507.823 0 143.304
508.423 0 143.831
509.017 0 144.375
509.604 0 144.935
510.184 0 145.512
510.757 0 146.106
511.324 0 146.716
511.883 0 147.342
512.437 0 147.986
512.983 0 148.645
513.523 0 149.322
514.056 0 150.015
514.583 0 150.725
515.104 0 151.451
515.618 0 152.194
516.125 0 152.954
516.627 0 153.731
517.122 0 154.524
517.61 0 155.333
518.093 0 156.16
518.57 0 157.003
519.04 0 157.863
519.504 0 158.74
519.962 0 159.633
520.415 0 160.544
520.861 0 161.471
521.302 0 162.414
521.736 0 163.375
522.165 0 164.352
522.588 0 165.346
523.005 0 166.357
523.417 0 167.385
523.823 0 168.43
524.223 0 169.491
524.618 0 170.57
525.007 0 171.665
525.391 0 172.777
525.77 0 173.906
526.143 0 175.051
526.51 0 176.214
526.873 0 177.394
527.23 0 178.59
527.582 0 179.804
527.929 0 181.034
528.27 0 182.281
528.607 0 183.546
528.938 0 184.827
529.265 0 186.125
529.586 0 187.44
529.903 0 188.773
530.215 0 190.122
530.522 0 191.488
530.824 0 192.871
531.121 0 194.271
531.414 0 195.689
531.702 0 197.123
531.985 0 198.574
532.264 0 200.043
532.539 0 201.528
532.808 0 203.031
533.074 0 204.551
533.335 0 206.088
533.591 0 207.641
533.844 0 209.212
534.092 0 210.801
